hr  d0902  d0903  d0904
--  -----  -----  -----
00  22     30     30   
01  30     30     29   
02  31     28     30   
03  30     31     30   
04  30     30     30   
05  30     30     30   
06  28     30     30   
07  29     30     30   
08  29     30     30   
09  29     31     30   
10  31     30     31   
11  30     29     30   
12  30     12     11   
13  30     0      3    
14  30     0      0    
15  30     26     0    
17  31     30     0    
18  28     31     0    
19  32     30     0    
20  30     29     0    
21  30     18     0    
22  31     30     0    
23  31     31     0    
d           last_cycle           first_cycle        
----------  -------------------  -------------------
2026-09-02  2026-09-02 23:59:16  2026-09-02 00:03:36
2026-09-03  2026-09-03 23:59:08  2026-09-03 00:01:11
2026-09-04  2026-09-04 13:28:01  2026-09-04 00:01:05
