rows=677 episodes=423  conflicting-outcome episodes=2
kind/session           hold  brk  amb  res  p(hold) [Wilson]           p(break)
VWAP/ALL                 82   50   67  132  0.621 [0.536,0.699]   0.379 [0.301,0.464]
VWAP/NY                  58   33   32   91  0.637 [0.535,0.729]   0.363 [0.271,0.465]
VWAP/LONDON              20   11   24   31  0.645 [0.469,0.789]   0.355 [0.211,0.531]
SWG-H/ALL                 9    6   14   15  0.600 [0.357,0.802]   0.400 [0.198,0.643]
SWG-H/ASIA                9    6   14   15  0.600 [0.357,0.802]   0.400 [0.198,0.643]
OR-H/ALL                  9    9    4   18  0.500 [0.290,0.710]   0.500 [0.290,0.710]
OR-H/NY                   9    9    4   18  0.500 [0.290,0.710]   0.500 [0.290,0.710]
SUPPLY/ALL                7    7    8   14  0.500 [0.268,0.732]   0.500 [0.268,0.732]
VWAP/ASIA                 4    6   11   10  0.400 [0.168,0.687]   0.600 [0.313,0.832]
POC/ALL                   9    5    6   14  0.643 [0.388,0.837]   0.357 [0.163,0.612]
POC/NY                    9    5    6   14  0.643 [0.388,0.837]   0.357 [0.163,0.612]
DEMAND/ALL                8    9    1   17  0.471 [0.262,0.690]   0.529 [0.310,0.738]
DEMAND/LONDON             8    9    1   17  0.471 [0.262,0.690]   0.529 [0.310,0.738]
SWG-L/ALL                 4    4    8    8  0.500 [0.215,0.785]   0.500 [0.215,0.785]
RTH-L/ALL                 4    8    2   12  0.333 [0.138,0.609]   0.667 [0.391,0.862]
RTH-L/LONDON              4    8    2   12  0.333 [0.138,0.609]   0.667 [0.391,0.862]
SUPPLY/NY                 5    4    5    9  0.556 [0.267,0.811]   0.444 [0.189,0.733]
SWG-L/LONDON              3    3    7    6  0.500 [0.188,0.812]   0.500 [0.188,0.812]
OR-L/ALL                  4    4    4    8  0.500 [0.215,0.785]   0.500 [0.215,0.785]
OR-L/NY                   4    4    4    8  0.500 [0.215,0.785]   0.500 [0.215,0.785]
PDC/ALL                   5    6    1   11  0.455 [0.213,0.720]   0.545 [0.280,0.787]
RTH-H/ALL                 7    3    2   10  0.700 [0.397,0.892]   0.300 [0.108,0.603]
OB/ALL                    5    2    4    7  0.714 [0.359,0.918]   0.286 [0.082,0.641]
PDH/ALL                   4    5    1    9  0.444 [0.189,0.733]   0.556 [0.267,0.811]
eVWAP/ALL                 1    4    5    5  0.200 [0.036,0.624]   0.800 [0.376,0.964]
OB/ASIA                   2    2    4    4  0.500 [0.150,0.850]   0.500 [0.150,0.850]
SUPPLY/LONDON             2    3    3    5  0.400 [0.118,0.769]   0.600 [0.231,0.882]

first-touch (ordinal 1 in any read), deduplicated: hold 85 break 62 amb 70 → p(hold) 0.578 [0.497,0.655] n=147
   ambiguity-bounded p(hold) in [0.392,0.714]
