level_kind  n    seated  seat_rate  avg_score  avg_score_seated  avg_score_cut  A   B   C  other  plan_reads
----------  ---  ------  ---------  ---------  ----------------  -------------  --  --  -  -----  ----------
OB          117  8       0.068      0.108      1.579             0.0            8   0   0  109    12        
DEMAND      59   22      0.373      0.634      1.7               0.0            22  0   0  37     12        
SUPPLY      23   5       0.217      0.363      1.668             0.0            5   0   0  18     12        
ONH         15   15      1.0        1.36       1.36                             15  0   0  0      12        
ONL         15   15      1.0        1.224      1.224                            12  0   3  0      12        
PDC         15   15      1.0        1.152      1.152                            3   12  0  0      12        
PDH         15   15      1.0        1.024      1.024                            1   14  0  0      12        
RTH-H       15   13      0.867      0.725      0.837             0.0            1   12  0  2      12        
VWAP        15   15      1.0        1.44       1.44                             15  0   0  0      11        
RTH-L       11   11      1.0        1.455      1.455                            9   2   0  0      8         
FVG         8    2       0.25       0.39       1.56              0.0            2   0   0  6      5         
OR-H        8    8       1.0        0.7        0.7                              2   0   6  0      5         
OR-L        8    8       1.0        0.77       0.77                             3   0   5  0      5         
PDL         8    8       1.0        1.92       1.92                             8   0   0  0      6         
SWG-L       7    5       0.714      0.971      1.36              0.0            5   0   0  2      4         
SWG-H       6    6       1.0        1.36       1.36                             6   0   0  0      3         
VWAP±2σ     5    4       0.8        1.088      1.36              0.0            4   0   0  1      4         
EQH         4    0       0.0        0.0                          0.0            0   0   0  4      3         
EQL         2    1       0.5        0.672      1.344             0.0            1   0   0  1      2         
eVWAP       2    2       1.0        1.36       1.36                             2   0   0  0      2         
POC         1    1       1.0        1.44       1.44                             1   0   0  0      1         
pdVWAP      1    0       0.0        0.0                          0.0            0   0   0  1      1         
cut_reason                     n    avg_score
-----------------------------  ---  ---------
max_levels: 12 seated, cap 12  181  0.0      
                               179  1.31     
COUNT(*)  MIN(created_at)                      MAX(created_at)                      reads  COUNT(DISTINCT session)
--------  -----------------------------------  -----------------------------------  -----  -----------------------
360       2026-09-04 05:30:54.846481213+00:00  2026-09-04 17:01:01.821976443+00:00  12     3                      
session  COUNT(*)  SUM(seated)
-------  --------  -----------
ASIA     48        24         
LONDON   96        47         
NY       216       108        
