label           n    rej  acc  p_rej  days  prices  avg_pen  avg_wick  avg_body  vol_ratio  appr_atr  max_touch
--------------  ---  ---  ---  -----  ----  ------  -------  --------  --------  ---------  --------  ---------
SWG-L·5m        164  125  39   0.762  6     71      10.04    10.04     5.72      9.08       1.44      7        
SWG-H·5m        162  122  40   0.753  7     64      10.06    10.06     6.15      8.4        1.44      6        
ONH             97   88   9    0.907  7     47      3.76     3.76      2.09      5.26       1.55      21       
OR-H            88   64   24   0.727  8     8       12.48    12.48     8.42      8.59       1.22      19       
PDC             77   53   24   0.688  8     8       14.56    14.56     9.57      7.89       1.69      12       
ONL             74   70   4    0.946  7     51      2.89     2.89      1.19      5.71       1.38      7        
EQL·1h          53   36   17   0.679  5     11      16.21    16.21     12.47     9.3        1.41      9        
SWG-L·15m       52   41   11   0.788  5     10      7.14     7.14      5.02      8.16       1.23      11       
OR-L            52   35   17   0.673  7     7       13.82    13.82     9.64      8.13       1.41      11       
PDH             40   26   14   0.65   5     5       14.14    14.14     9.22      8.74       1.57      14       
EQL·4h          39   30   9    0.769  4     9       13.04    13.04     9.15      9.18       1.43      6        
SWG-H·15m       36   24   12   0.667  7     14      8.18     8.18      5.52      8.03       1.25      7        
EQL             35   26   9    0.743  3     18      16.28    16.28     12.51     7.3        1.15      5        
RTH-H           32   19   13   0.594  4     4       16.5     16.5      10.85     8.91       1.83      12       
EQH·1h          25   16   9    0.64   5     7       13.04    13.04     9.52      7.12       1.51      7        
EQH             25   16   9    0.64   5     18      13.98    13.98     10.41     5.94       1.14      3        
OB(bull)·1h     23   16   7    0.696  4     8       9.91     9.91      6.87      7.9        1.21      5        
iFVG(bear)·1h   22   18   4    0.818  1     1       6.85     6.85      4.52      7.18       1.13      22       
VWAP+1σ         22   16   6    0.727  5     22      17.14    17.14     15.32     11.31      0.47      1        
OB(bull)·4h     22   14   8    0.636  5     5       12.1     12.1      6.61      7.83       1.79      11       
VWAP            20   9    11   0.45   4     20      15.89    15.89     13.07     15.9       0.91      2        
POC             20   12   8    0.6    4     4       8.54     8.54      6.19      8.0        1.23      5        
OB(bear)·1h     16   12   4    0.75   5     5       10.32    10.32     4.95      7.43       1.21      4        
Demand·1h       16   14   2    0.875  4     7       26.67    26.67     20.77     4.64       1.61      5        
PDL             15   13   2    0.867  2     2       12.22    12.22     5.33      7.18       1.47      5        
Demand·4h       15   11   4    0.733  4     3       9.78     9.78      6.82      10.64      1.8       4        
RTH-L           13   10   3    0.769  2     2       12.02    12.02     5.63      6.17       1.45      5        
Supply·4h       12   7    5    0.583  2     2       12.99    12.99     9.0       5.11       1.1       6        
VWAP−1σ         8    6    2    0.75   5     8       27.08    27.08     25.47     12.33      1.07      1        
Supply·1h       6    3    3    0.5    3     4       13.54    13.54     9.69      5.75       1.74      2        
iFVG(bear)·4h   5    4    1    0.8    2     3       8.55     8.55      4.05      8.01       1.26      3        
iFVG(bull)·1h   4    3    1    0.75   2     2       7.84     7.84      3.28      4.84       2.31      3        
eVWAP           4    2    2    0.5    3     4       19.73    19.73     15.8      18.19      1.66      1        
VAH             3    1    2    0.333  2     2       18.26    18.26     13.76     6.31       2.85      2        
FVG·4h          3    3    0    1.0    1     1       16.29    16.29     13.33     13.65      0.69      3        
EQH·4h          3    2    1    0.667  3     2       13.67    13.67     8.33      17.16      2.3       1        
pdVWAP          2    2    0    1.0    2     2       21.94    21.94     0.0       12.11      1.96      1        
SETT            2    1    1    0.5    1     1       21.88    21.88     15.88     7.79       2.64      2        
OB(bear)·4h     2    2    0    1.0    1     1       0.25     0.25      0.0       4.21       1.38      1        
IB+1.5x         2    1    1    0.5    1     1       12.75    12.75     8.63      6.03       1.2       2        
VWAP−2σ         1    1    0    1.0    1     1       1.01     1.01      0.0       0.0        0.0       1        
RN 29500 (100)  1    1    0    1.0    1     1       0.0      0.0       0.0       3.78       2.35      1        
RN 29400 (100)  1    1    0    1.0    1     1       11.25    11.25     0.0       10.16      2.76      1        
RN 29375 (25)   1    0    1    0.0    1     1       27.25    27.25     18.5      12.62      2.73      1        
session_day  n    rej  labels
-----------  ---  ---  ------
2026-08-25   29   22   5     
2026-08-26   83   64   20    
2026-08-27   176  132  27    
2026-08-30   172  130  22    
2026-08-31   316  239  31    
2026-09-01   215  155  18    
2026-09-02   201  131  23    
2026-09-03   123  103  19    
touch_number  n    rej  p_rej
------------  ---  ---  -----
1             567  451  0.795
2             257  200  0.778
3             146  93   0.637
4             102  73   0.716
5             67   42   0.627
6             38   24   0.632
7             30   14   0.467
8             22   15   0.682
9             20   13   0.65 
10            14   11   0.786
11            14   9    0.643
12            9    6    0.667
