episodes total=2794 over 10 scanned session days (2026-08-21..2026-09-03); k=3.0 H=12 exit=close; delta per-day trailing-5d

== per kind (all sessions, all ordinals)
key               n hold  brk  amb p_hold         wilson95  amb% days lvls    mfe     mae
RN25            754  293  286  175  0.506 [0.465,0.547]  23.2   10   79  15.89  -16.64
RN50            378  147  139   92  0.514 [0.456,0.571]  24.3   10   39  16.15  -16.44
RN100           372  154  136   82  0.531 [0.474,0.588]  22.0   10   39  15.65  -16.49
PDC             127   48   41   38  0.539 [0.436,0.639]  29.9   10   10  14.51  -16.47
SETT            110   42   35   33  0.545 [0.435,0.652]  30.0    9    9  13.83  -15.23
POC             103   37   33   33  0.529 [0.413,0.641]  32.0    9    9  16.37  -17.03
VAL             103   39   32   32  0.549 [0.434,0.660]  31.1    7    7  15.80  -16.44
VAH              94   33   40   21  0.452 [0.343,0.566]  22.3    7    7  16.07  -15.42
VWAP@0830        70   23   29   18  0.442 [0.316,0.577]  25.7    7    7  19.96  -19.42
MID-O            63   20   29   14  0.408 [0.282,0.548]  22.2    7    7  21.58  -17.00
OR-H             61   24   27   10  0.471 [0.341,0.605]  16.4    9    9  18.75  -18.95
OR-L             61   30   22    9  0.577 [0.442,0.701]  14.8   10   10  15.08  -21.12
RTH-H            59   28   17   14  0.622 [0.476,0.749]  23.7    6    6  14.02  -19.28
RTH-L            58   27   16   15  0.628 [0.479,0.756]  25.9    5    5  14.87  -19.62
PDL              56   26   17   13  0.605 [0.456,0.736]  23.2    4    4  15.14  -19.42
VWAP+2σ@0830     47   22   16    9  0.579 [0.422,0.721]  19.1    6    6  11.85  -20.07
VWAP+1σ@0830     46   21   23    2  0.477 [0.338,0.621]   4.3    8    8  20.06  -21.89
ONH              40   15   20    5  0.429 [0.280,0.591]  12.5    5    5  17.31  -15.59
IB-H             36   15   10   11  0.600 [0.407,0.766]  30.6    8    8  15.14  -15.44
VWAP-1σ@0830     34   17   16    1  0.515 [0.352,0.675]   2.9    6    6  18.20  -23.65
PDH              28   11   11    6  0.500 [0.307,0.693]  21.4    5    5  15.63  -15.31
ONL              25   12   11    2  0.522 [0.330,0.708]   8.0    4    4  18.81  -20.45
VWAP-2σ@0830     24   12   10    2  0.545 [0.347,0.731]   8.3    5    5  16.71  -19.37
PDH_cal          21    9    7    5  0.562 [0.332,0.769]  23.8    5    5  14.56  -18.68
IB-L             21    9    9    3  0.500 [0.290,0.710]  14.3    3    3  18.58  -15.38
PWL               3    2    0    1  1.000 [0.342,1.000]  33.3    1    1   9.17  -20.83

== per kind — FIRST touch of the day only (ordinal 1)
key               n hold  brk  amb p_hold         wilson95  amb% days lvls    mfe     mae
RN25             79   31   31   17  0.500 [0.379,0.621]  21.5   10   79  15.18  -16.44
RN100            39   13   15   11  0.464 [0.295,0.642]  28.2   10   39  18.03  -13.67
RN50             39   16   13   10  0.552 [0.375,0.716]  25.6   10   39  14.24  -16.34
PDC              10    3    3    4  0.500 [0.188,0.812]  40.0   10   10  13.60  -13.45
OR-L             10    7    3    0  0.700 [0.397,0.892]   0.0   10   10  16.20  -33.08
SETT              9    0    4    5  0.000 [0.000,0.490]  55.6    9    9  16.83   -6.92
OR-H              9    3    5    1  0.375 [0.137,0.694]  11.1    9    9  29.89  -19.83
POC               9    2    3    4  0.400 [0.118,0.769]  44.4    9    9  20.15  -14.53
IB-H              8    4    2    2  0.667 [0.300,0.903]  25.0    8    8  15.06  -17.19
VWAP+1σ@0830      8    4    4    0  0.500 [0.215,0.785]   0.0    8    8  22.73  -30.21
MID-O             7    3    4    0  0.429 [0.158,0.750]   0.0    7    7  30.86  -28.48
VWAP@0830         7    2    5    0  0.286 [0.082,0.641]   0.0    7    7  31.60  -24.49
VAH               7    1    2    4  0.333 [0.061,0.792]  57.1    7    7  17.00  -10.19
VAL               7    6    1    0  0.857 [0.487,0.974]   0.0    7    7   7.75  -25.13
RTH-H             6    1    1    4  0.500 [0.095,0.905]  66.7    6    6  13.50   -8.33
VWAP-1σ@0830      6    2    4    0  0.333 [0.097,0.700]   0.0    6    6  19.33  -24.77
VWAP+2σ@0830      6    3    2    1  0.600 [0.231,0.882]  16.7    6    6  10.73  -25.79
VWAP-2σ@0830      5    5    0    0  1.000 [0.566,1.000]   0.0    5    5   6.61  -36.29
RTH-L             5    1    2    2  0.333 [0.061,0.792]  40.0    5    5  20.45  -14.10
PDH_cal           5    1    2    2  0.333 [0.061,0.792]  40.0    5    5  17.55  -21.80
PDH               5    2    1    2  0.667 [0.208,0.939]  40.0    5    5   8.85  -21.55
ONH               5    2    2    1  0.500 [0.150,0.850]  20.0    5    5  18.90  -24.70
ONL               4    4    0    0  1.000 [0.510,1.000]   0.0    4    4  15.56  -36.38
PDL               4    1    2    1  0.333 [0.061,0.792]  25.0    4    4  18.44  -13.56
IB-L              3    1    2    0  0.333 [0.061,0.792]   0.0    3    3  23.67  -16.50
PWL               1    0    0    1    nan [0.000,0.000] 100.0    1    1   7.00  -13.75

== pooled by ordinal
key               n hold  brk  amb p_hold         wilson95  amb% days lvls    mfe     mae
1               303  118  113   72  0.511 [0.447,0.575]  23.8   10  294  16.85  -18.19
2               271  111   91   69  0.550 [0.481,0.617]  25.5   10  264  14.87  -17.51
3+             2220  887  828  505  0.517 [0.494,0.541]  22.7   10  253  16.07  -16.96

== pooled by session
key               n hold  brk  amb p_hold         wilson95  amb% days lvls    mfe     mae
NY             1468  640  607  221  0.513 [0.485,0.541]  15.1   10  230  17.84  -19.29
ASIA            720  235  217  268  0.520 [0.474,0.566]  37.2   10  131  12.70  -13.64
LONDON          606  241  208  157  0.537 [0.491,0.582]  25.9   10  118  15.66  -16.14

== pooled by kind family
key               n hold  brk  amb p_hold         wilson95  amb% days lvls    mfe     mae
RN             1504  594  561  349  0.514 [0.485,0.543]  23.2   10  157  15.90  -16.55
prior-day       459  191  144  124  0.570 [0.517,0.622]  27.0   10   39  14.48  -17.32
profile         300  109  105   86  0.509 [0.443,0.576]  28.7    9   23  16.08  -16.33
VWAPfam         221   95   94   32  0.503 [0.432,0.573]  14.5   10   32  17.63  -20.72
open            179   78   68   33  0.534 [0.453,0.613]  18.4   10   28  16.75  -18.56
overnight       128   47   60   21  0.439 [0.349,0.534]  16.4   10   16  19.70  -17.23
week              3    2    0    1  1.000 [0.342,1.000]  33.3    1    1   9.17  -20.83

== RTH-L / PDL / ONL / VAL / IB-L by entry side (from above = a support test)
key               n hold  brk  amb p_hold         wilson95  amb% days lvls    mfe     mae
('VAL', 'above')   63   28   19   16  0.596 [0.453,0.724]  25.4    7    7  14.81  -17.63
('VAL', 'below')   40   11   13   16  0.458 [0.279,0.649]  40.0    6    6  17.36  -14.58
('OR-L', 'above')   35   19   11    5  0.633 [0.455,0.781]  14.3   10   10  14.29  -23.65
('PDL', 'below')   31   17    8    6  0.680 [0.484,0.828]  19.4    4    4  12.99  -22.48
('RTH-L', 'below')   31   17    8    6  0.680 [0.484,0.828]  19.4    4    4  12.90  -22.54
('RTH-L', 'above')   27   10    8    9  0.556 [0.337,0.754]  33.3    5    5  17.12  -16.28
('OR-L', 'below')   26   11   11    4  0.500 [0.307,0.693]  15.4    6    6  16.14  -17.71
('PDL', 'above')   25    9    9    7  0.500 [0.290,0.710]  28.0    4    4  17.80  -15.62
('ONL', 'above')   16   10    6    0  0.625 [0.386,0.815]   0.0    4    4  17.59  -24.36
('IB-L', 'above')   11    4    5    2  0.444 [0.189,0.733]  18.2    3    3  20.93  -17.05
('IB-L', 'below')   10    5    4    1  0.556 [0.267,0.811]  10.0    3    3  16.00  -13.55
('ONL', 'below')    9    2    5    2  0.286 [0.082,0.641]  22.2    4    4  20.97  -13.50

== RTH-H / PDH / ONH / VAH / IB-H by entry side (from below = a resistance test)
key               n hold  brk  amb p_hold         wilson95  amb% days lvls    mfe     mae
('VAH', 'above')   48   15   20   13  0.429 [0.280,0.591]  27.1    7    7  15.55  -15.38
('VAH', 'below')   46   18   20    8  0.474 [0.325,0.627]  17.4    7    7  16.60  -15.47
('RTH-H', 'below')   33   17    9    7  0.654 [0.462,0.806]  21.2    6    6  14.33  -21.34
('OR-H', 'below')   33   13   15    5  0.464 [0.295,0.642]  15.2    9    9  19.86  -18.61
('OR-H', 'above')   28   11   12    5  0.478 [0.292,0.670]  17.9    7    7  17.44  -19.34
('RTH-H', 'above')   26   11    8    7  0.579 [0.363,0.769]  26.9    5    5  13.63  -16.65
('IB-H', 'below')   22   10    6    6  0.625 [0.386,0.815]  27.3    8    8  15.61  -16.44
('ONH', 'below')   22    8   10    4  0.444 [0.246,0.663]  18.2    5    5  16.61  -16.92
('ONH', 'above')   18    7   10    1  0.412 [0.216,0.640]   5.6    5    5  18.17  -13.97
('PDH', 'below')   16    6    6    4  0.500 [0.254,0.746]  25.0    5    5  15.39  -15.69
('IB-H', 'above')   14    5    4    5  0.556 [0.267,0.811]  35.7    6    6  14.39  -13.88
('PDH_cal', 'below')   13    6    3    4  0.667 [0.354,0.879]  30.8    5    5  12.50  -17.71
('PDH', 'above')   12    5    5    2  0.500 [0.237,0.763]  16.7    4    4  15.96  -14.81
('PDH_cal', 'above')    8    3    4    1  0.429 [0.158,0.750]  12.5    4    4  17.91  -20.25

== RANDOM-LEVEL NULL (100 uniform prices/day inside the day range)
key               n hold  brk  amb p_hold         wilson95  amb% days lvls    mfe     mae
NULL           10305 3977 3880 2448  0.506 [0.495,0.517]  23.8   10  999  15.76  -16.45

== NULL by ordinal
key               n hold  brk  amb p_hold         wilson95  amb% days lvls    mfe     mae
1               999  389  382  228  0.505 [0.469,0.540]  22.8   10  999  15.89  -16.09
2               893  290  340  263  0.460 [0.422,0.499]  29.5   10  893  15.53  -13.94
3+             8413 3298 3158 1957  0.511 [0.499,0.523]  23.3   10  848  15.77  -16.76

== calendar-day PDH/PDL (engine, NY read) vs session-day PDH/PDL (trader): per day
{"day": "2026-08-21", "sess_PDH": 29688.5, "cal_PDH": 29686.75, "sess_PDL": 29202.5, "cal_PDL": 29202.5, "dH": -1.75, "dL": 0.0}
{"day": "2026-08-25", "sess_PDH": 29480.5, "cal_PDH": 29297.75, "sess_PDL": 28947.75, "cal_PDL": 28947.75, "dH": -182.75, "dL": 0.0}
{"day": "2026-08-26", "sess_PDH": 29420.0, "cal_PDH": 29420.0, "sess_PDL": 29016.75, "cal_PDL": 29095.5, "dH": 0.0, "dL": 78.75}
{"day": "2026-08-27", "sess_PDH": 29437.25, "cal_PDH": 29655.75, "sess_PDL": 29095.5, "cal_PDL": 29133.0, "dH": 218.5, "dL": 37.5}
{"day": "2026-08-28", "sess_PDH": 29707.5, "cal_PDH": 29707.5, "sess_PDL": 29402.25, "cal_PDL": 29402.25, "dH": 0.0, "dL": 0.0}
{"day": "2026-09-01", "sess_PDH": 29543.5, "cal_PDH": 29538.75, "sess_PDL": 29273.5, "cal_PDL": 29354.0, "dH": -4.75, "dL": 80.5}
{"day": "2026-09-02", "sess_PDH": 29571.0, "cal_PDH": 29571.0, "sess_PDL": 29001.75, "cal_PDL": 29001.75, "dH": 0.0, "dL": 0.0}
{"day": "2026-09-03", "sess_PDH": 29212.5, "cal_PDH": 29255.0, "sess_PDL": 28927.25, "cal_PDL": 28927.25, "dH": 42.5, "dL": 0.0}