seated-level rows evaluated: 2215 (plans with >=15 bars after created_at, non-WEEKLY)

== by AI grade
key                    seats touched% 1st:hold 1st:brk 1st:amb p_hold1         wilson95 | all:hold all:brk p_hold_all avg_dist
A                       1767     68.5      504     359     348   0.584 [0.551,0.616] |     4483    4305      0.510    101.1
C                        304     73.7       76      80      68   0.487 [0.410,0.565] |      804     823      0.494     72.0
B                        144     72.9       43      41      21   0.512 [0.407,0.616] |      420     460      0.477     68.5

== by machine_grade
key                    seats touched% 1st:hold 1st:brk 1st:amb p_hold1         wilson95 | all:hold all:brk p_hold_all avg_dist
A                       1400     69.7      407     281     288   0.592 [0.554,0.628] |     3656    3674      0.499     95.8
(none)                   411     65.9      102      97      72   0.513 [0.444,0.581] |      991     837      0.542    116.2
C                        273     72.5       74      65      59   0.532 [0.450,0.613] |      691     681      0.504     72.2
B                        131     72.5       40      37      18   0.519 [0.410,0.627] |      369     396      0.482     67.5

== by kind family
key                    seats touched% 1st:hold 1st:brk 1st:amb p_hold1         wilson95 | all:hold all:brk p_hold_all avg_dist
OB                       255     58.0       50      55      43   0.476 [0.383,0.571] |      545     663      0.451    127.6
VWAP*                    248     85.1       83      64      64   0.565 [0.484,0.642] |      923     989      0.483     40.8
ONH                      166     77.1       54      34      40   0.614 [0.509,0.709] |      554     559      0.498     67.5
ONL                      159     70.4       50      34      28   0.595 [0.488,0.694] |      436     326      0.572     91.5
PDC                      143     77.6       41      48      22   0.461 [0.361,0.564] |      439     474      0.481     79.8
PDH                      134     59.0       28      19      32   0.596 [0.453,0.724] |      201     187      0.518    176.6
SUPPLY                   105     61.0       35       8      21   0.814 [0.674,0.903] |      236     229      0.508    110.1
RTH-H                    104     58.7       22       3      36   0.880 [0.700,0.958] |      177     136      0.565    141.8
PDL                      101     26.7       12      12       3   0.500 [0.314,0.686] |      161      99      0.619    162.3
EQL                      100     88.0       30      34      24   0.469 [0.352,0.589] |      364     308      0.542     58.7
OR-H                      89     68.5       26      19      16   0.578 [0.433,0.710] |      146     101      0.591     76.4
EQH                       89     85.4       35      20      21   0.636 [0.504,0.751] |      313     270      0.537     63.4
RTH-L                     88     40.9        9       8      19   0.529 [0.310,0.738] |      105      78      0.574    141.2
SWG-H                     84     88.1       35      26      13   0.574 [0.449,0.690] |      244     269      0.476     44.1
OR-L                      80     72.5       24      20      14   0.545 [0.401,0.683] |      176     158      0.527     73.8
DEMAND                    80     62.5       18      26       6   0.409 [0.277,0.556] |      178     203      0.467    135.8
SWG-L                     78     89.7       25      34      11   0.424 [0.306,0.551] |      253     269      0.485     45.0
POC                       27    100.0       12       5      10   0.706 [0.469,0.867] |       72      76      0.486     50.0
nPOC                      18     44.4        5       1       2   0.833 [0.436,0.970] |       41      29      0.586    193.5
eVWAP                     18     88.9       11       3       2   0.786 [0.524,0.924] |       45      71      0.388     40.5
IFVG                      15     60.0        4       1       4   0.800 [0.376,0.964] |       25      26      0.490     87.3
RN                         8    100.0        4       1       3   0.800 [0.376,0.964] |       31      40      0.437     26.4
PWL                        7    100.0        7       0       0   1.000 [0.646,1.000] |       14       0      1.000     83.4
FVG                        7     71.4        2       2       1   0.500 [0.150,0.850] |       10      20      0.333     91.5
pdVWAP                     6     50.0        0       2       1   0.000 [0.000,0.658] |       12       4      0.750     86.1

== by kind family x grade (n>=8)
key                    seats touched% 1st:hold 1st:brk 1st:amb p_hold1         wilson95 | all:hold all:brk p_hold_all avg_dist
('VWAP*', 'A')           248     85.1       83      64      64   0.565 [0.484,0.642] |      923     989      0.483     40.8
('OB', 'A')              157     43.3       26      19      23   0.578 [0.433,0.710] |      253     301      0.457    161.3
('ONL', 'A')             151     71.5       49      31      28   0.613 [0.503,0.712] |      421     318      0.570     92.6
('ONH', 'A')             143     74.1       48      31      27   0.608 [0.497,0.708] |      465     496      0.484     71.2
('PDH', 'A')             110     55.5       20      14      27   0.588 [0.422,0.736] |      164     153      0.517    198.9
('PDL', 'A')             101     26.7       12      12       3   0.500 [0.314,0.686] |      161      99      0.619    162.3
('EQL', 'A')             100     88.0       30      34      24   0.469 [0.352,0.589] |      364     308      0.542     58.7
('OB', 'C')               95     82.1       22      36      20   0.379 [0.266,0.508] |      284     348      0.449     72.4
('EQH', 'A')              89     85.4       35      20      21   0.636 [0.504,0.751] |      313     270      0.537     63.4
('RTH-H', 'A')            89     52.8       16       0      31   1.000 [0.806,1.000] |       99      61      0.619    158.8
('SWG-H', 'A')            84     88.1       35      26      13   0.574 [0.449,0.690] |      244     269      0.476     44.1
('RTH-L', 'A')            82     43.9        9       8      19   0.529 [0.310,0.738] |      105      78      0.574    141.2
('PDC', 'B')              78     74.4       20      30       8   0.400 [0.276,0.538] |      253     278      0.476     54.1
('SWG-L', 'A')            78     89.7       25      34      11   0.424 [0.306,0.551] |      253     269      0.485     45.0
('SUPPLY', 'C')           72     70.8       28       6      17   0.824 [0.665,0.917] |      187     163      0.534     83.6
('PDC', 'A')              65     81.5       21      18      14   0.538 [0.386,0.684] |      186     196      0.487    110.6
('OR-H', 'A')             50     68.0       16       8      10   0.667 [0.467,0.820] |       73      58      0.557     96.0
('DEMAND', 'A')           47     51.1       13      10       1   0.565 [0.368,0.744] |       79      72      0.523    175.2
('OR-L', 'A')             40     90.0       16      13       7   0.552 [0.375,0.716] |      112      87      0.563     68.3
('OR-H', 'C')             39     69.2       10      11       6   0.476 [0.283,0.676] |       73      43      0.629     51.2
('OR-L', 'C')             35     48.6        4       6       7   0.400 [0.168,0.687] |       58      69      0.457     82.6
('DEMAND', 'C')           33     78.8        5      16       5   0.238 [0.106,0.451] |       99     131      0.430     79.8
('SUPPLY', 'A')           27     37.0        6       2       2   0.750 [0.409,0.929] |       33      41      0.446    163.8
('POC', 'A')              27    100.0       12       5      10   0.706 [0.469,0.867] |       72      76      0.486     50.0
('PDH', 'B')              24     75.0        8       5       5   0.615 [0.355,0.823] |       37      34      0.521     74.2
('ONH', 'C')              23     95.7        6       3      13   0.667 [0.354,0.879] |       89      63      0.586     44.0
('nPOC', 'A')             18     44.4        5       1       2   0.833 [0.436,0.970] |       41      29      0.586    193.5
('eVWAP', 'A')            18     88.9       11       3       2   0.786 [0.524,0.924] |       45      71      0.388     40.5
('RTH-H', 'B')            15     93.3        6       3       5   0.667 [0.354,0.879] |       78      75      0.510     41.4
('IFVG', 'A')             15     60.0        4       1       4   0.800 [0.376,0.964] |       25      26      0.490     87.3

== by session
key                    seats touched% 1st:hold 1st:brk 1st:amb p_hold1         wilson95 | all:hold all:brk p_hold_all avg_dist
ASIA                     918     82.0      276     214     263   0.563 [0.519,0.607] |     3594    3552      0.503     81.3
NY                       705     53.8      186     132      61   0.585 [0.530,0.638] |      811     687      0.541    102.3
LONDON                   592     68.9      161     134     113   0.546 [0.489,0.602] |     1302    1349      0.491    107.5

== by AI instruction keyword
key                    seats touched% 1st:hold 1st:brk 1st:amb p_hold1         wilson95 | all:hold all:brk p_hold_all avg_dist
target                   729     61.3      178     135     134   0.569 [0.513,0.622] |     1463    1377      0.515    114.3
other                    587     76.7      173     139     138   0.554 [0.499,0.609] |     1803    1642      0.523     79.9
confluence               171     69.0       40      42      36   0.488 [0.383,0.594] |      421     517      0.449    112.2
fade                     128     78.9       45      29      27   0.608 [0.494,0.711] |      399     426      0.484     68.0
react                    121     46.3       24      21      11   0.533 [0.391,0.671] |      175     189      0.481    133.4
reject                    92     79.3       32      23      18   0.582 [0.450,0.703] |      314     302      0.510     70.1
sweep                     81     70.4       24      18      15   0.571 [0.422,0.709] |      252     254      0.498     77.0
liquidity                 67     71.6       18      19      11   0.486 [0.334,0.641] |      182     187      0.493     80.5
magnet                    57     82.5       21      17       9   0.553 [0.397,0.699] |      164     191      0.462     71.4
trigger                   43     83.7       14      10      12   0.583 [0.388,0.755] |      135     116      0.538     50.8
support                   33     69.7       14       6       3   0.700 [0.481,0.855] |       85      70      0.548     96.7
target only               29     65.5        7       6       6   0.538 [0.291,0.768] |       59      55      0.518     92.4
flip                      28     89.3        8       9       8   0.471 [0.262,0.690] |      114     128      0.471     49.3
death                     21     71.4       13       1       1   0.929 [0.685,0.987] |       65      36      0.644    108.8
pivot                     19     84.2        8       3       5   0.727 [0.434,0.903] |       52      74      0.413     71.5
resistance                 9    100.0        4       2       3   0.667 [0.300,0.903] |       24      24      0.500     98.2

== by distance-at-seat bucket (pts)
key                    seats touched% 1st:hold 1st:brk 1st:amb p_hold1         wilson95 | all:hold all:brk p_hold_all avg_dist
<25                      518     98.5      187     154     169   0.548 [0.495,0.600] |     2244    2319      0.492     11.6
<100                     515     78.4      176     154      74   0.533 [0.479,0.586] |     1310    1218      0.518     71.9
<200                     501     44.5      103      70      50   0.595 [0.521,0.666] |      564     475      0.543    141.7
<50                      404     90.3      149      99     117   0.601 [0.539,0.660] |     1537    1554      0.497     37.0
200+                     277     13.7        8       3      27   0.727 [0.434,0.903] |       52      22      0.703    293.8

== candidate_pool 09-04: SEATED (1) vs CUT (0) — forward from read_at
key                    seats touched% 1st:hold 1st:brk 1st:amb p_hold1         wilson95 | all:hold all:brk p_hold_all avg_dist
cut                      181     16.0       10      11       8   0.476 [0.283,0.676] |       48      40      0.545    218.2
seated                   179     52.5       47      26      21   0.644 [0.529,0.744] |      266     197      0.575    134.5

== candidate_pool 09-04: by kind x seated
key                    seats touched% 1st:hold 1st:brk 1st:amb p_hold1         wilson95 | all:hold all:brk p_hold_all avg_dist
('OB', 'C')              109     14.7        7       4       5   0.636 [0.354,0.848] |       11       6      0.647    228.3
('DEMAND', 'C')           37      2.7        0       0       1     nan [0.000,0.000] |        1       2      0.333    268.3
('DEMAND', 'S')           22      4.5        0       0       1     nan [0.000,0.000] |        5       3      0.625    305.0
('SUPPLY', 'C')           18     16.7        0       3       0   0.000 [0.000,0.562] |        3       6      0.333    175.5
('PDH', 'S')              15     60.0        3       4       2   0.429 [0.158,0.750] |       18      24      0.429     48.3
('ONH', 'S')              15     26.7        2       0       2   1.000 [0.342,1.000] |       34      14      0.708    130.7
('PDC', 'S')              15     66.7        4       6       0   0.400 [0.168,0.687] |       28      27      0.509     47.1
('VWAP', 'S')             15     86.7        6       5       2   0.545 [0.280,0.787] |       27      31      0.466     47.0
('ONL', 'S')              15     80.0       12       0       0   1.000 [0.757,1.000] |       12       0      1.000     87.5
('RTH-H', 'S')            13     92.3        8       2       2   0.800 [0.490,0.943] |       43      11      0.796     43.5
('RTH-L', 'S')            11      0.0        0       0       0     nan [0.000,0.000] |        0       0        nan    352.0
('OB', 'S')                8     50.0        2       0       2   1.000 [0.342,1.000] |       13      10      0.565    113.2
('PDL', 'S')               8      0.0        0       0       0     nan [0.000,0.000] |        0       0        nan    445.4
('OR-H', 'S')              8     25.0        1       1       0   0.500 [0.095,0.905] |        6       4      0.600     75.5
('OR-L', 'S')              8     87.5        1       3       3   0.250 [0.046,0.699] |        1      10      0.091     36.7
('SWG-H', 'S')             6    100.0        2       1       3   0.667 [0.208,0.939] |       28      21      0.571     72.9
('FVG', 'C')               6      0.0        0       0       0     nan [0.000,0.000] |        0       0        nan    125.0
('SWG-L', 'S')             5    100.0        3       2       0   0.600 [0.231,0.882] |       21      12      0.636     68.6
('SUPPLY', 'S')            5     40.0        1       1       0   0.500 [0.095,0.905] |        3       3      0.500    149.2
('VWAP±2σ', 'S')           4     75.0        0       1       2   0.000 [0.000,0.793] |       13      15      0.464     45.1
('EQH', 'C')               4    100.0        0       3       1   0.000 [0.000,0.562] |       12      16      0.429     17.4