DEDUPED seated levels (one per session-day x label x price): 985 from 47 plan-sessions

== by AI grade
key                    seats days touch% 1st:h 1st:b 1st:a p_hold1         wilson95 | all:h all:b  p_all   dist
A                        906   16   79.2   294   228   196   0.563 [0.520,0.605] |  2892  2815  0.507   69.8
C                         63   10   82.5    11    18    23   0.379 [0.227,0.560] |   213   241  0.469   74.5
B                         16    4   56.2     5     1     3   0.833 [0.436,0.970] |    50    69  0.420  135.4

== by machine_grade
key                    seats days touch% 1st:h 1st:b 1st:a p_hold1         wilson95 | all:h all:b  p_all   dist
A                        714   11   80.0   238   178   155   0.572 [0.524,0.619] |  2332  2343  0.499   65.8
(none)                   205   16   77.1    58    54    46   0.518 [0.426,0.608] |   612   543  0.530   84.3
C                         55    9   80.0    11    14    19   0.440 [0.267,0.629] |   179   196  0.477   78.3
B                         11    4   54.5     3     1     2   0.750 [0.301,0.954] |    32    43  0.427  135.3

== by kind family
key                    seats days touch% 1st:h 1st:b 1st:a p_hold1         wilson95 | all:h all:b  p_all   dist
VWAP*                    247    9   85.0    83    64    63   0.565 [0.484,0.642] |   913   982  0.482   41.0
OB                        92   11   69.6    23    19    22   0.548 [0.399,0.688] |   252   279  0.475  117.0
EQL                       87   14   88.5    26    29    22   0.473 [0.347,0.602] |   305   254  0.546   57.0
EQH                       75   11   86.7    32    13    20   0.711 [0.566,0.823] |   273   236  0.536   56.0
SWG-H                     61    8   88.5    26    17    11   0.605 [0.456,0.736] |   181   192  0.485   40.6
SWG-L                     56    8   91.1    17    25     9   0.405 [0.270,0.555] |   179   192  0.482   46.5
ONL                       48   14   85.4    16    16     9   0.500 [0.336,0.664] |   201   148  0.576   48.0
ONH                       47   15   83.0    12     9    18   0.571 [0.365,0.755] |   168   162  0.509   35.7
SUPPLY                    32   11   56.2     9     3     6   0.750 [0.468,0.911] |    73    74  0.497  118.5
DEMAND                    31   10   58.1     6     8     4   0.429 [0.214,0.674] |    53    69  0.434  129.3
PDH                       30   11   46.7     5     5     4   0.500 [0.237,0.763] |    73    70  0.510  178.7
OR-H                      22   13   77.3     6     7     4   0.462 [0.232,0.709] |    62    44  0.585   74.0
PDC                       22   13   81.8     6     5     7   0.545 [0.280,0.787] |    70    77  0.476  105.4
OR-L                      20   13   90.0     6     8     4   0.429 [0.214,0.674] |    58    52  0.527   68.6
PDL                       20   13   50.0     3     5     2   0.375 [0.137,0.694] |    56    41  0.577  178.8
eVWAP                     18    5   88.9    11     3     2   0.786 [0.524,0.924] |    45    71  0.388   40.5
RTH-H                     15   11   46.7     3     0     4   1.000 [0.438,1.000] |    37    26  0.587  144.0
RTH-L                     14    9   42.9     2     3     1   0.400 [0.118,0.769] |    31    27  0.534  165.1
IFVG                      11    7   72.7     4     1     3   0.800 [0.376,0.964] |    24    24  0.500   76.1
RN                         8    3  100.0     4     1     3   0.800 [0.376,0.964] |    31    40  0.437   26.4
nPOC                       7    6   85.7     4     1     1   0.800 [0.376,0.964] |    36    29  0.554   83.1
POC                        6    6  100.0     2     2     2   0.500 [0.150,0.850] |    15    17  0.469   42.3
FVG                        5    3   60.0     2     1     0   0.667 [0.208,0.939] |     7    13  0.350  113.2
IB*                        4    2   50.0     1     1     0   0.500 [0.095,0.905] |     4     3  0.571  143.9
pdVWAP                     4    3   25.0     0     1     0   0.000 [0.000,0.793] |     4     2  0.667  106.8

== by kind family x grade (n>=6)
key                    seats days touch% 1st:h 1st:b 1st:a p_hold1         wilson95 | all:h all:b  p_all   dist
('VWAP*', 'A')           247    9   85.0    83    64    63   0.565 [0.484,0.642] |   913   982  0.482   41.0
('EQL', 'A')              87   14   88.5    26    29    22   0.473 [0.347,0.602] |   305   254  0.546   57.0
('EQH', 'A')              75   11   86.7    32    13    20   0.711 [0.566,0.823] |   273   236  0.536   56.0
('SWG-H', 'A')            61    8   88.5    26    17    11   0.605 [0.456,0.736] |   181   192  0.485   40.6
('OB', 'A')               56   10   58.9    15     7    11   0.682 [0.473,0.836] |   131   133  0.496  145.5
('SWG-L', 'A')            56    8   91.1    17    25     9   0.405 [0.270,0.555] |   179   192  0.482   46.5
('ONH', 'A')              47   15   83.0    12     9    18   0.571 [0.365,0.755] |   168   162  0.509   35.7
('ONL', 'A')              47   14   85.1    15    16     9   0.484 [0.320,0.652] |   189   144  0.568   48.6
('OB', 'C')               33    9   87.9     6    12    11   0.333 [0.163,0.563] |   113   132  0.461   69.3
('PDH', 'A')              30   11   46.7     5     5     4   0.500 [0.237,0.763] |    73    70  0.510  178.7
('DEMAND', 'A')           24   10   50.0     6     5     1   0.545 [0.280,0.787] |    32    33  0.492  145.9
('PDC', 'A')              21   13   85.7     6     5     7   0.545 [0.280,0.787] |    70    77  0.476  104.3
('PDL', 'A')              20   13   50.0     3     5     2   0.375 [0.137,0.694] |    56    41  0.577  178.8
('OR-H', 'A')             19   13   73.7     6     6     2   0.500 [0.254,0.746] |    51    35  0.593   78.8
('eVWAP', 'A')            18    5   88.9    11     3     2   0.786 [0.524,0.924] |    45    71  0.388   40.5
('OR-L', 'A')             16   13   93.8     6     7     2   0.462 [0.232,0.709] |    47    40  0.540   60.5
('SUPPLY', 'C')           15    8   66.7     4     1     5   0.800 [0.376,0.964] |    45    48  0.484   89.3
('RTH-L', 'A')            14    9   42.9     2     3     1   0.400 [0.118,0.769] |    31    27  0.534  165.1
('RTH-H', 'A')            14   11   42.9     3     0     3   1.000 [0.438,1.000] |    27    14  0.659  150.8
('SUPPLY', 'A')           12    9   50.0     4     2     0   0.667 [0.300,0.903] |    17    13  0.567  113.4
('IFVG', 'A')             11    7   72.7     4     1     3   0.800 [0.376,0.964] |    24    24  0.500   76.1
('nPOC', 'A')              7    6   85.7     4     1     1   0.800 [0.376,0.964] |    36    29  0.554   83.1
('DEMAND', 'C')            7    6   85.7     0     3     3   0.000 [0.000,0.562] |    21    36  0.368   72.6
('POC', 'A')               6    6  100.0     2     2     2   0.500 [0.150,0.850] |    15    17  0.469   42.3

== by session
key                    seats days touch% 1st:h 1st:b 1st:a p_hold1         wilson95 | all:h all:b  p_all   dist
ASIA                     527   13   86.0   163   133   157   0.551 [0.494,0.606] |  2221  2201  0.502   67.0
NY                       245   12   64.9    71    62    26   0.534 [0.449,0.616] |   368   324  0.532   77.2
LONDON                   213   13   78.4    76    52    39   0.594 [0.507,0.675] |   566   600  0.485   74.3

== by distance bucket
key                    seats days touch% 1st:h 1st:b 1st:a p_hold1         wilson95 | all:h all:b  p_all   dist
<25                      338   16   98.8   125    91   118   0.579 [0.512,0.643] |  1465  1509  0.493   11.4
<50                      216   16   90.3    74    59    62   0.556 [0.472,0.638] |   843   863  0.494   36.2
<100                     214   16   85.0    78    72    32   0.520 [0.441,0.598] |   672   596  0.530   70.5
<200                     141   16   44.7    30    24     9   0.556 [0.424,0.680] |   160   144  0.526  138.7
200+                      76   16    6.6     3     1     1   0.750 [0.301,0.954] |    15    13  0.536  312.8

== kind family x session (n>=5)
key                    seats days touch% 1st:h 1st:b 1st:a p_hold1         wilson95 | all:h all:b  p_all   dist
('VWAP*', 'ASIA')        118    7   99.2    48    28    41   0.632 [0.519,0.731] |   646   703  0.479   29.0
('VWAP*', 'NY')           77    8   66.2    16    25    10   0.390 [0.257,0.543] |   107   112  0.489   52.2
('VWAP*', 'LONDON')       52    7   80.8    19    11    12   0.633 [0.455,0.781] |   160   167  0.489   51.3
('OB', 'ASIA')            47    8   70.2     8     7    18   0.533 [0.301,0.752] |   152   183  0.454  129.8
('EQL', 'ASIA')           41    7   97.6     5    20    15   0.200 [0.089,0.391] |   209   177  0.541   45.9
('ONL', 'ASIA')           36   13   83.3    10    11     9   0.476 [0.283,0.676] |   155   118  0.568   49.2
('ONH', 'ASIA')           34   13   88.2    11     7    12   0.611 [0.386,0.797] |   143   135  0.514   28.1
('EQH', 'ASIA')           32    6   96.9    11     8    12   0.579 [0.363,0.769] |   153   118  0.565   33.8
('OB', 'LONDON')          31    8   71.0    10     9     3   0.526 [0.317,0.727] |    84    79  0.515  108.4
('SWG-H', 'ASIA')         31    6  100.0    15     8     8   0.652 [0.449,0.812] |   129   122  0.514   38.1
('EQL', 'NY')             26    8   73.1    10     4     5   0.714 [0.454,0.883] |    34    28  0.548   72.9
('SWG-L', 'ASIA')         24    6   95.8     9     9     5   0.500 [0.290,0.710] |   101   118  0.461   45.2
('EQH', 'LONDON')         22    7   90.9    10     4     6   0.714 [0.454,0.883] |    68    77  0.469   68.3
('EQH', 'NY')             21    6   66.7    11     1     2   0.917 [0.646,0.985] |    52    41  0.559   77.1
('PDH', 'ASIA')           20   10   65.0     4     5     4   0.444 [0.189,0.733] |    70    68  0.507  125.9
('EQL', 'LONDON')         20    9   90.0    11     5     2   0.688 [0.444,0.858] |    62    49  0.559   58.9
('PDC', 'ASIA')           18   12   77.8     4     4     6   0.500 [0.215,0.785] |    64    69  0.481  117.6
('SWG-L', 'NY')           18    5   83.3     4     9     2   0.308 [0.127,0.576] |    34    26  0.567   56.8
('SUPPLY', 'ASIA')        17    8   64.7     3     2     6   0.600 [0.231,0.882] |    51    64  0.443   99.0
('DEMAND', 'ASIA')        17    7   70.6     4     6     2   0.400 [0.168,0.687] |    38    47  0.447  133.5
('SWG-H', 'LONDON')       15    6   86.7     6     5     2   0.545 [0.280,0.787] |    34    52  0.395   40.3
('SWG-H', 'NY')           15    5   66.7     5     4     1   0.556 [0.267,0.811] |    18    18  0.500   46.0
('OB', 'NY')              14    7   64.3     5     3     1   0.625 [0.306,0.863] |    16    17  0.485   93.2
('SWG-L', 'LONDON')       14    5   92.9     4     7     2   0.364 [0.152,0.646] |    44    48  0.478   35.4
('PDL', 'ASIA')           13   10   53.8     1     4     2   0.200 [0.036,0.624] |    48    31  0.608  152.3
('RTH-H', 'ASIA')         13   10   46.2     3     0     3   1.000 [0.438,1.000] |    32    25  0.561  154.2
('OR-H', 'NY')            12   11   75.0     4     5     0   0.444 [0.189,0.733] |    27    21  0.562   68.5
('RTH-L', 'ASIA')         10    8   50.0     2     2     1   0.500 [0.150,0.850] |    25    19  0.568  168.9
('ONH', 'LONDON')         10    5   80.0     1     1     6   0.500 [0.095,0.905] |    22    23  0.489   43.3
('OR-L', 'NY')            10   10   90.0     5     3     1   0.625 [0.306,0.863] |    22    18  0.550   58.5
('SUPPLY', 'NY')          10    8   40.0     4     0     0   1.000 [0.510,1.000] |    12     4  0.750  155.7
('eVWAP', 'ASIA')         10    4  100.0     8     0     2   1.000 [0.676,1.000] |    37    55  0.402   32.0
('OR-L', 'ASIA')           9    9   88.9     1     4     3   0.200 [0.036,0.624] |    27    24  0.529   82.0
('OR-H', 'ASIA')           9    9   77.8     2     2     3   0.500 [0.150,0.850] |    35    23  0.603   83.9
('ONL', 'LONDON')          8    5   87.5     5     2     0   0.714 [0.359,0.918] |    33    20  0.623   44.4
('DEMAND', 'LONDON')       8    7   50.0     1     2     1   0.333 [0.061,0.792] |     7    17  0.292  112.2
('nPOC', 'ASIA')           7    6   85.7     4     1     1   0.800 [0.376,0.964] |    36    29  0.554   83.1
('IFVG', 'ASIA')           7    4   71.4     4     0     1   1.000 [0.510,1.000] |    19    14  0.576   79.4
('PDH', 'LONDON')          6    6   16.7     1     0     0   1.000 [0.207,1.000] |     3     2  0.600  268.6
('eVWAP', 'NY')            6    2   66.7     2     2     0   0.500 [0.150,0.850] |     5     5  0.500   63.6
('DEMAND', 'NY')           6    5   33.3     1     0     1   1.000 [0.207,1.000] |     8     5  0.615  140.2
('PDL', 'LONDON')          5    5   60.0     2     1     0   0.667 [0.208,0.939] |     8    10  0.444  208.8
('SUPPLY', 'LONDON')       5    5   60.0     2     1     0   0.667 [0.208,0.939] |    10     6  0.625  110.7
('POC', 'ASIA')            5    5  100.0     2     2     1   0.500 [0.150,0.850] |    15    17  0.469   46.1